policy_nn/fc0/kernel:0<---------->[[-0.18392584 -0.1914766  -0.12528706 ...  0.10984306  0.04630536
  -0.16094209]
 [-0.16728647  0.06236386  0.04112447 ... -0.06345266 -0.11545855
   0.203544  ]
 [-0.04815086 -0.09830612 -0.01089786 ...  0.07113402  0.09548454
   0.18904611]
 ...
 [ 0.01507565  0.08062547 -0.00861827 ...  0.12020922 -0.00642901
   0.10260075]
 [ 0.19608946 -0.20175375 -0.17339079 ... -0.1927238   0.14228743
  -0.1978092 ]
 [-0.07926722  0.2016889  -0.07053449 ...  0.19518171 -0.13562758
   0.11733468]]policy_nn/fc0/bias:0<---------->[-4.1678105e-04 -1.3065340e-03  1.4873233e-03  1.4296087e-03
 -1.3716308e-03 -1.4816816e-03 -1.1334649e-03 -5.7768170e-04
 -1.5018412e-03  2.3369445e-05  1.3190268e-03  1.3449043e-04
 -2.1595787e-04 -1.3199985e-03 -6.4150826e-04  1.3656402e-03
  1.4945248e-03  5.6552974e-04  3.2833242e-04  7.5614115e-04
  1.1985973e-03 -2.1603241e-04  9.9188625e-04 -7.0145773e-04
  5.5635959e-04 -6.6023559e-04  1.2013701e-03  1.3378392e-03
  1.2172746e-03  1.1221356e-03 -1.4879687e-03 -1.4283137e-03
  7.9799880e-05  7.0954574e-04  1.3143013e-03 -1.2485976e-03
 -5.6421867e-04  1.4726357e-03  1.1296036e-03  1.4514762e-03
 -5.1793747e-04 -1.4007057e-04 -1.4940118e-03  1.4600701e-03
 -1.4171562e-03  7.2582409e-04  4.0934596e-04  1.4854448e-03
  2.3337506e-04  1.4452136e-03 -2.8629627e-04  1.3057168e-03
 -1.4020018e-03  1.2905842e-03 -1.3628328e-03 -1.4938079e-03
 -2.6283576e-04 -1.4901407e-03 -1.3104964e-03  1.2868985e-03
 -1.4549880e-03 -1.4438833e-03  1.4951695e-03  1.5450866e-04]policy_nn/fc1/kernel:0<---------->[[ 0.07277045  0.20979004  0.10743356 ...  0.08233376 -0.03052446
   0.11833543]
 [ 0.09656166  0.17396554  0.04090797 ...  0.0421598   0.14119904
  -0.04016353]
 [ 0.08028687 -0.19776674 -0.04297702 ...  0.07485085  0.09597872
  -0.10070136]
 ...
 [ 0.16781782  0.16591483 -0.14735086 ...  0.17540303 -0.0233818
   0.20028381]
 [-0.11067794 -0.10701631 -0.09846748 ... -0.20147963 -0.15260771
  -0.20956321]
 [ 0.02498833 -0.08560398  0.00452191 ... -0.01604565  0.0049654
  -0.20590016]]policy_nn/fc1/bias:0<---------->[-1.58142211e-04 -2.14824802e-04  2.60397734e-04  1.19515578e-03
  1.49956311e-03  1.09452917e-03 -1.31070684e-03  1.40819326e-03
  4.71633743e-04  1.05656509e-04  1.31163467e-03  9.92689864e-04
 -6.51396113e-06  9.09059716e-04 -4.62472963e-05 -1.21960591e-03
  1.49783003e-03 -1.01045123e-04 -1.07620406e-04  1.02010067e-03
  1.42702239e-03  8.95282777e-04  2.16364569e-04 -1.60720432e-04
  1.23468199e-04  1.45061885e-03  1.33497792e-03  1.19745475e-03
  4.74420289e-04 -1.91550062e-05  1.40337902e-03  1.74930959e-04
 -1.38573744e-03  8.74088670e-04 -1.89559069e-05 -2.41631671e-04
  1.50231342e-03  1.10520120e-03 -1.41839078e-03 -1.26204500e-03
  7.37429655e-04 -1.38163159e-03  1.46797043e-03 -1.50004425e-03
 -1.12600322e-03 -9.70576250e-04  1.12898741e-03  1.33189559e-03
  1.47378957e-03  8.86388996e-04  1.49984076e-03  7.08871579e-04
 -3.90773930e-05 -1.49911735e-03  4.81056049e-04  1.49627472e-03
 -1.03944010e-04  1.49508868e-03  8.93952150e-04  1.37234351e-03
  6.13357406e-05 -1.35638763e-03 -1.48352026e-03 -1.24680717e-03]policy_nn/policy_action/kernel:0<---------->[[-3.57130207e-02 -1.60817914e-02 -7.93281868e-02 -2.54250169e-02
  -2.03917786e-01 -1.10285148e-01  8.36405531e-03 -2.36178428e-01
   8.93802941e-02 -2.44894717e-02  3.34368758e-02 -2.63547778e-01
  -5.95502332e-02 -1.94246963e-01]
 [-3.01297363e-02 -2.95400284e-02  5.34150936e-02 -6.90390589e-03
   2.72182643e-01  1.77722216e-01 -1.84166282e-01 -1.37670398e-01
  -2.00007811e-01  1.39550135e-01  1.50653841e-02  5.25009707e-02
   1.41539216e-01  4.12271731e-02]
 [ 8.09954926e-02 -1.83039397e-01 -2.41731167e-01  3.63019742e-02
   1.81835994e-01 -3.55229862e-02 -5.18561378e-02 -1.91157982e-01
  -1.94574237e-01  9.45485160e-02  1.59425251e-02  2.15058088e-01
  -2.50390559e-01  2.74771601e-01]
 [ 1.65005505e-01  2.44233936e-01  2.13355631e-01  2.41489917e-01
  -2.78649163e-02  1.99194849e-01  2.52292782e-01 -2.75328487e-01
   4.62421887e-02  1.67805627e-01  2.73996353e-01  1.87438473e-01
   2.37225607e-01  1.38592020e-01]
 [-1.33198693e-01 -1.06341727e-01  1.91315740e-01  2.65291959e-01
   1.39712408e-01 -4.74436842e-02 -1.43839702e-01 -2.38288715e-01
   1.42447978e-01  5.05470969e-02  6.47930950e-02 -1.04392946e-01
  -2.67101020e-01  8.47739056e-02]
 [-1.44022614e-01 -2.12992262e-02 -1.97901800e-01 -1.26147822e-01
   8.14871639e-02 -2.30816349e-01 -2.15703294e-01 -2.75079906e-01
  -1.25220373e-01  6.34017438e-02  1.54360682e-01  2.40260005e-01
   1.58070758e-01  1.11122347e-01]
 [-1.38911590e-01 -2.29279008e-02 -2.31391564e-01  1.19238988e-01
   3.17768827e-02  1.85981333e-01 -5.04420251e-02  1.18429907e-01
   2.59388149e-01 -9.36189517e-02 -2.38991022e-01 -2.21870780e-01
  -7.96319321e-02  3.35304849e-02]
 [ 1.95815578e-01 -5.13858385e-02  7.83590823e-02 -2.30019037e-02
   1.63802937e-01 -1.65220290e-01  8.92227069e-02 -1.53823167e-01
   1.47701293e-01  2.72388309e-01  3.52873765e-02 -7.19503537e-02
  -1.59221917e-01  4.53941189e-02]
 [ 4.08602357e-02 -1.05666660e-01  1.90484852e-01  2.03405172e-01
  -2.09227204e-02 -2.59582132e-01  1.69539243e-01  5.82284629e-02
   1.89144723e-02  9.26916376e-02  7.55632371e-02  2.59595990e-01
  -1.04197167e-01  2.65314206e-02]
 [-5.36965206e-02 -1.41451955e-01 -1.75941437e-01 -1.98827893e-01
  -1.40527844e-01 -1.46493837e-01  1.03704270e-03 -9.42477211e-02
   7.71790221e-02 -2.35682055e-01 -2.31862500e-01  2.09559068e-01
   2.08083943e-01  1.84862822e-01]
 [ 1.66293740e-01  2.12557793e-01  1.27670214e-01 -8.31453279e-02
  -5.29298969e-02 -9.99653488e-02 -1.39766946e-01  1.32262930e-02
  -2.76447743e-01  2.29764685e-01  2.14984134e-01  1.58365384e-01
   1.14945635e-01  2.21429855e-01]
 [ 1.48666486e-01 -1.38811886e-01  1.36033282e-01  1.03971310e-01
   4.08161506e-02  6.54504150e-02 -2.46691883e-01  2.59543151e-01
   1.53820038e-01 -6.39265850e-02  7.41955563e-02  8.46401006e-02
   1.04871489e-01  1.98852763e-01]
 [ 1.76197931e-01  1.61240742e-01 -2.37572119e-01 -1.34879276e-02
   1.86838955e-01 -1.84736490e-01  2.19744667e-02  2.33651012e-01
  -1.88228756e-01  6.41786754e-02  1.13375224e-02 -2.13510141e-01
   7.54854083e-02  1.62359044e-01]
 [-2.71133691e-01 -1.24742217e-01 -2.22997352e-01  5.70197850e-02
   2.28544623e-01  1.71115756e-01  8.82055610e-02  3.25310715e-02
   1.38489276e-01 -2.08881900e-01  3.75539809e-02  8.67757052e-02
   8.80010724e-02  7.15406239e-02]
 [-2.57165998e-01  2.73844957e-01 -2.07744032e-01  2.37208799e-01
  -1.94598228e-01  1.77700132e-01 -1.50671393e-01 -3.40639092e-02
  -1.00585006e-01  2.74233688e-02  2.29892172e-02 -1.24564171e-01
  -2.29430832e-02  7.49765933e-02]
 [-5.30326962e-02  7.73816854e-02  7.97110125e-02 -1.90172285e-01
   2.60796696e-01 -2.36865669e-01 -1.70925215e-01  2.30360031e-01
  -2.70510405e-01  1.76668718e-01 -9.09437388e-02 -2.14095972e-02
  -8.91389325e-02  1.85347483e-01]
 [ 1.29519412e-02 -2.75121421e-01 -2.19597444e-01 -1.03558898e-01
  -7.80756325e-02  2.19887480e-01  1.98887393e-01  6.49687275e-02
  -9.40690562e-02  2.51945466e-01  1.44960076e-01 -7.18644937e-04
  -9.08415541e-02  1.06556863e-01]
 [-1.27936140e-01  1.37557909e-01 -1.17495567e-01  9.76234525e-02
   3.82403098e-02  2.55697757e-01  1.69933245e-01 -1.91753760e-01
  -2.64497161e-01  8.82690400e-02  1.72030047e-01 -2.43240267e-01
  -1.91267923e-01  1.40488803e-01]
 [ 2.12361962e-01 -2.17870533e-01  1.09945536e-02  1.15764327e-01
   1.13666408e-01 -2.30021060e-01  1.15502015e-01  1.62928668e-03
   2.48190030e-01 -1.73270419e-01 -1.23078175e-01  2.06425741e-01
  -2.15012372e-01 -2.65402123e-02]
 [-5.32409549e-02 -3.08898669e-02 -8.21398646e-02  1.87039468e-02
   1.95581064e-01  6.90827593e-02  8.59435871e-02 -1.74024522e-01
  -7.04103485e-02  1.70451865e-01 -1.10613525e-01  3.36011946e-02
   1.90207914e-01  2.25782573e-01]
 [-2.51890451e-01 -2.46334001e-02 -2.11546291e-02  1.92594111e-01
   2.42409542e-01  6.15353063e-02  2.63186060e-02 -1.87061384e-01
   1.32937551e-01 -2.14507923e-01  2.42681652e-02 -1.67298153e-01
   2.66607404e-01  4.48960476e-02]
 [ 1.82721689e-01  4.55739200e-02 -7.07124248e-02 -1.17468439e-01
  -1.57499745e-01  5.20387702e-02  1.13270760e-01  1.36670083e-01
   2.03796551e-01  5.45417927e-02  1.52999967e-01  1.19324438e-01
  -1.08499132e-01 -6.82520866e-02]
 [-1.61494449e-01 -1.56306565e-01 -3.69142368e-02 -2.75449365e-01
   7.09837452e-02 -6.33337051e-02  1.02220610e-01  2.66931236e-01
   2.62618691e-01 -2.11767294e-02  8.42763335e-02  2.66264267e-02
  -2.06074923e-01 -3.27982567e-02]
 [ 2.56172180e-01 -1.77256927e-01 -1.44873738e-01  3.12803462e-02
   1.69203073e-01 -6.86091632e-02  2.43501663e-01  2.04794332e-01
   1.96906820e-01  3.49506214e-02 -2.56699592e-01  2.40504473e-01
  -1.70989186e-01 -2.12912321e-01]
 [ 5.55610657e-02 -1.70926273e-01 -3.71452235e-02  1.99266806e-01
   1.90189004e-01  9.74524841e-02 -1.59546182e-01  1.19177751e-01
  -1.89452156e-01 -1.23439379e-01  4.33618389e-02  4.09008339e-02
   1.64945409e-01  8.55766609e-02]
 [ 4.99035008e-02  2.20527753e-01 -2.73980409e-01  8.87927338e-02
  -9.76707041e-02 -3.23384032e-02 -3.50518897e-02  1.86318904e-01
   1.84670717e-01 -1.03222147e-01  1.70428842e-01 -2.60356009e-01
   1.68396741e-01  2.09696978e-01]
 [-2.45261565e-01 -1.38848022e-01 -2.31681749e-01  3.89485955e-02
  -2.27717623e-01 -1.57273129e-01  8.93493071e-02  2.00320944e-01
  -1.53540432e-01 -2.19987556e-01  1.85659140e-01 -2.48296574e-01
  -1.69659741e-02  3.61464988e-03]
 [ 1.53792664e-01  4.57840152e-02 -1.04540363e-01 -7.56111322e-03
  -2.30340108e-01 -8.33516791e-02 -1.82893559e-01  2.35020652e-01
   2.63816625e-01  8.42935741e-02  3.24166426e-03 -1.14667930e-01
   1.95978373e-01  1.12457946e-01]
 [ 1.05849445e-01  1.39552522e-02 -1.91663578e-01 -1.87488943e-01
  -2.04191089e-01  1.44114643e-01 -2.39782855e-01  2.71720409e-01
   1.94863662e-01 -1.31201491e-01  3.35991681e-02  3.57511342e-02
   3.39614451e-02 -1.17839560e-01]
 [-1.58844851e-02  2.49890849e-01 -1.66662842e-01 -2.02369913e-01
   8.54245946e-02 -2.66065538e-01 -2.34004021e-01 -1.53307125e-01
   2.35031694e-01  1.79527953e-01 -2.24887982e-01  2.73950785e-01
   2.43934110e-01  3.57721560e-02]
 [ 9.79312807e-02  4.30178642e-02  1.42949130e-02 -1.88811854e-01
   3.35769095e-02 -2.65506804e-01  2.69469917e-01 -2.00666413e-01
   1.54611111e-01 -1.49790823e-01  2.30511621e-01 -8.45361799e-02
   4.04749289e-02  1.81873906e-02]
 [ 5.37225530e-02  2.25045651e-01  2.10353076e-01  1.20930066e-02
   2.31350183e-01  2.41460547e-01 -1.25900581e-01 -9.84941423e-02
   2.70608366e-01  2.49928460e-01 -1.00997545e-01 -2.49248371e-01
   5.80605008e-02 -7.31545314e-02]
 [-1.79070950e-01 -1.93841115e-01 -1.15806587e-01 -2.75995046e-01
   2.28888631e-01  1.70935050e-01  6.63431883e-02 -2.27461979e-01
   2.65955795e-02 -1.03655137e-01  1.46534117e-02  1.87148169e-01
  -1.28251255e-01 -1.63754597e-01]
 [-5.54388063e-03 -2.61297494e-01 -2.49783456e-01 -2.11099297e-01
   1.03007726e-01  2.39003778e-01 -1.79120332e-01  6.37745932e-02
   9.29626897e-02 -1.66055307e-01  1.89282417e-01  2.33947992e-01
  -2.62716740e-01  2.63367176e-01]
 [-2.51674175e-01  1.04177035e-01 -2.69864738e-01  9.78241786e-02
   6.83062151e-02 -4.04278897e-02  2.16067106e-01  1.70739722e-02
   2.43363529e-01  1.92444250e-01 -2.31952325e-01  1.07412010e-01
   2.17014854e-03  1.05210595e-01]
 [-6.67630285e-02  2.39136815e-02  1.15816027e-01 -1.93192840e-01
  -1.73472077e-01 -4.59314771e-02  2.21639827e-01 -6.81953803e-02
   1.74903512e-01  2.11212516e-01 -1.87256142e-01  1.88416824e-01
   2.47547388e-01 -1.24081805e-01]
 [-1.98090523e-01 -2.02318966e-01 -1.42564502e-04  1.15185507e-01
  -1.08339377e-01  2.57235944e-01  2.02737376e-01 -2.42680330e-02
   2.38417998e-01 -2.39937708e-01  7.65466094e-02 -1.04238465e-01
  -2.68270284e-01 -1.33001164e-01]
 [ 1.45781860e-01 -1.29168049e-01 -1.11840583e-01  3.59876491e-02
   9.86608267e-02 -1.60288326e-02  1.51708618e-01  9.19163376e-02
  -1.35366440e-01 -4.32694703e-02  1.15667440e-01  1.08996682e-01
   1.52755320e-01  2.66815931e-01]
 [ 2.13989876e-02  4.35140841e-02  2.02773586e-01 -1.85100347e-01
   3.72245610e-02 -2.67451614e-01  6.40758723e-02  2.59416968e-01
  -2.56025344e-01  8.33061859e-02 -6.38677552e-02  1.65335372e-01
   9.53235775e-02  6.63914606e-02]
 [-1.60698444e-01 -1.69401228e-01 -1.56399712e-01  2.29010969e-01
  -1.49477929e-01  6.89739138e-02  1.23029634e-01 -1.98288914e-02
   2.43626848e-01 -1.94567651e-01 -2.43516877e-01 -1.75767496e-01
   2.23235831e-01 -1.56987295e-01]
 [ 1.72779977e-01  1.02340750e-01 -1.72203258e-01 -7.60922628e-03
  -8.53671879e-02  1.45129651e-01 -1.31074205e-01  8.01454335e-02
   2.43651882e-01 -2.52551347e-01  7.20405206e-02  1.78634867e-01
   3.51585299e-02 -5.25177382e-02]
 [-5.66709004e-02 -2.51357377e-01 -7.97476545e-02 -1.54780731e-01
  -1.38064012e-01  2.88475156e-02 -1.59569591e-01  1.56117424e-01
  -2.21373066e-01 -4.33221497e-02 -1.32923901e-01  8.95355344e-02
  -2.41255369e-02 -1.35147467e-01]
 [-2.59916276e-01  7.11072609e-02 -2.89525092e-03 -1.33831456e-01
   1.84792787e-01 -1.94362909e-01 -1.26100436e-01  2.74518609e-01
   9.24719870e-02  2.06208944e-01  2.91034877e-02 -2.10774809e-01
   2.68398255e-01 -1.12805441e-01]
 [-8.18585977e-02  2.75321692e-01  1.04147270e-01  2.51572460e-01
  -2.37777516e-01 -3.71399745e-02 -1.90836266e-01  9.87784639e-02
  -1.63830251e-01 -1.96430013e-02 -1.87428638e-01  2.43238613e-01
   1.84018031e-01 -1.88933890e-02]
 [-8.76038820e-02 -2.57076085e-01 -1.13741646e-03 -1.99629277e-01
   1.56601995e-01  8.14026967e-02  1.27781359e-02  1.07533373e-02
   2.39889264e-01  1.87579125e-01 -2.68996298e-01 -2.64996558e-01
   1.57397509e-01 -2.04635471e-01]
 [-4.52252515e-02 -2.61725992e-01  2.10378990e-01  1.01646207e-01
   1.78446097e-03 -9.97681692e-02  2.35892341e-01 -1.86140388e-01
  -2.03717813e-01 -2.64060706e-01 -7.60900080e-02 -1.30021572e-01
  -2.02650875e-01 -1.83935806e-01]
 [ 7.54731819e-02 -1.09859012e-01 -2.51285970e-01 -2.56915629e-01
  -2.12496027e-01 -1.57773152e-01  2.50523034e-02  4.63794470e-02
   5.82569316e-02  1.77443132e-01 -1.35688946e-01 -8.85149464e-02
   2.32485026e-01  2.27656811e-01]
 [-1.73998550e-01  9.69490260e-02 -7.03952014e-02 -6.89260215e-02
   1.93884566e-01  2.09853530e-01  1.83956757e-01 -2.13545069e-01
   6.85903728e-02  2.26420522e-01  7.03122541e-02 -3.21969390e-03
   3.09293307e-02 -2.22173214e-01]
 [-1.31097913e-01  1.69005483e-01  6.72165900e-02  7.77950212e-02
   2.13135928e-01  1.24909379e-01 -1.55279100e-01 -1.67925969e-01
   1.35143042e-01  1.29405901e-01  2.16765180e-01 -1.88469514e-01
  -2.57465780e-01 -7.85466004e-03]
 [-1.92518327e-02  1.85614765e-01 -2.13686883e-01  3.70265171e-02
  -1.40671907e-02  2.71564841e-01 -2.26179123e-01 -6.55496120e-02
   2.27594092e-01 -8.05694088e-02 -2.65157800e-02 -1.56823266e-02
  -6.60757422e-02  8.70887656e-03]
 [ 1.79787036e-02 -2.38119736e-01  1.00414582e-01  1.77980646e-01
   2.07147479e-01 -6.26687035e-02 -2.36269712e-01  1.90617219e-01
   2.25051254e-01 -4.79395576e-02  2.52585590e-01 -2.41382927e-01
   1.99368998e-01 -7.94002414e-02]
 [-1.88971683e-01 -1.52675331e-01  1.97698876e-01  2.55443066e-01
  -2.47093871e-01  2.26176292e-01 -1.52497917e-01  1.37864307e-01
   1.74880639e-01  6.07759282e-02  2.62788646e-02  1.68470889e-01
   2.48699337e-01 -1.30669355e-01]
 [-1.85690805e-01  1.70039847e-01  1.12973511e-01  1.42277837e-01
  -9.06600989e-03 -1.04649946e-01 -1.72794461e-02  2.07404822e-01
   1.64656743e-01  2.28276402e-01 -3.74406055e-02  2.01914430e-01
  -2.58322209e-01  7.62942135e-02]
 [-2.50784606e-01  1.44300938e-01 -3.31774130e-02 -2.10054442e-01
  -2.57546604e-01 -1.56608582e-01 -2.24931732e-01  1.52421370e-01
   2.94695534e-02 -2.46719927e-01 -1.22279674e-01  1.04772359e-01
  -4.15765084e-02 -9.20056552e-02]
 [-1.68175608e-01  4.55250479e-02  7.40245124e-03  7.34301955e-02
   2.22624764e-01  9.02130529e-02 -1.30192898e-02 -1.89138144e-01
  -2.17792802e-02  6.06160946e-02 -1.27632990e-01  9.62483585e-02
   1.44898951e-01  1.86378166e-01]
 [ 5.86635545e-02 -1.84272200e-01  2.32263729e-01 -1.05566628e-01
  -1.10687211e-01 -8.75485018e-02 -1.08313568e-01 -2.41063625e-01
  -2.28182152e-02  1.24246869e-02  2.24606544e-01  1.01566195e-01
  -1.22412562e-01 -1.82925284e-01]
 [ 2.46098399e-01 -5.39944582e-02  8.58099237e-02  1.81620434e-01
  -2.10773155e-01  2.31463403e-01  1.89089805e-01  3.68102044e-02
  -1.73760921e-01  2.49740139e-01 -1.24304621e-02 -2.48437405e-01
  -2.80639566e-02  1.81145296e-01]
 [ 1.26096070e-01  2.66220123e-01  1.99020192e-01  1.17067434e-01
   3.33957225e-02 -1.90841809e-01 -1.29300758e-01 -1.56335041e-01
  -1.06967665e-01 -1.23933442e-01  5.82786277e-03 -2.76424706e-01
   3.29173170e-02  2.64021873e-01]
 [ 2.90832948e-02 -1.93531722e-01  5.60641848e-02  5.23958467e-02
  -3.95679660e-02 -1.87796950e-01 -1.04352072e-01  3.76416999e-03
   2.14799210e-01  9.92759988e-02  6.31063581e-02  2.10336283e-01
   2.37658992e-01  8.37062076e-02]
 [ 2.38230139e-01 -2.54741520e-01 -9.99672785e-02  2.00694636e-01
   5.90110570e-02  3.12370416e-02 -1.04269184e-01  1.91897750e-01
   8.84228349e-02 -2.48492151e-01  8.15149769e-02 -9.26092714e-02
   8.82328860e-03  3.85576040e-02]
 [-1.65725395e-01 -2.12462679e-01 -1.00330263e-02 -4.99878563e-02
  -2.63550729e-01 -6.14398681e-02 -1.87383428e-01 -9.51922908e-02
  -1.72759116e-01  1.97375268e-01  2.66244352e-01 -2.01985985e-01
  -6.16724044e-02 -2.14506894e-01]
 [ 1.22182015e-02 -7.41115659e-02  6.32782429e-02 -6.51599318e-02
   1.82953387e-01  1.30487397e-01  1.09009162e-01 -3.62082459e-02
  -1.66152358e-01  5.71293496e-02 -1.30960688e-01  4.00729328e-02
  -1.77140027e-01 -1.63720753e-02]
 [-9.48272198e-02  1.52782083e-01 -8.16088766e-02 -2.37907827e-01
   7.62137249e-02 -5.60726551e-03  2.18183756e-01  1.84196457e-01
  -1.21562481e-01  3.35786156e-02  1.51076801e-02  1.91369459e-01
   2.14173943e-01 -1.38759747e-01]
 [-6.93155900e-02  1.35941878e-02  1.89192593e-01  1.85432002e-01
  -8.72128233e-02 -2.43441239e-01  4.88739572e-02  1.80164710e-01
  -1.86445981e-01 -4.68742661e-02 -1.75612420e-02  4.97628562e-02
  -1.61497444e-01 -2.59789050e-01]]policy_nn/policy_action/bias:0<---------->[ 0.00103208  0.00028126 -0.00104249  0.00144248  0.00074357  0.00138165
 -0.00012    -0.00149957  0.00092188 -0.00046664  0.00143827  0.00012115
  0.00129199  0.00118929]logstd:0<---------->[-0.06353933  0.23529148 -0.30376965 -0.4451083  -0.4013064   0.19099596
  0.29016182 -0.2944545  -0.31279352  0.0328666  -0.19851579 -0.32659596
  0.05173107  0.00755803]value_nn/fc0/kernel:0<---------->[[-0.01476886  0.13175562  0.14915474 ... -0.19518197  0.02827248
   0.17652787]
 [ 0.10057538  0.19845529  0.15102854 ... -0.07355884  0.10629693
   0.14950785]
 [ 0.02993852  0.09880298 -0.18688267 ...  0.12397932 -0.21962422
   0.15787748]
 ...
 [ 0.07956056 -0.03295276  0.01357948 ... -0.18844931  0.00178711
  -0.13711314]
 [ 0.01615992  0.15516846 -0.00698503 ... -0.11022836 -0.06925783
  -0.16815023]
 [ 0.14798903 -0.04962314 -0.04678943 ...  0.16498443 -0.10212453
  -0.11866099]]value_nn/fc0/bias:0<---------->[ 0.0009439   0.00094855  0.00097921 -0.00096926  0.00100047  0.00098096
 -0.00097104 -0.00097617  0.00087144  0.00095979 -0.00096092  0.00096578
 -0.00098348  0.0009612  -0.00096137  0.00095626 -0.00096893  0.00092138
 -0.00092944  0.00086209 -0.00097387 -0.00097079  0.00099718  0.00096905
  0.00096528 -0.00095466 -0.00092287  0.00099868  0.00095934 -0.00094634
  0.00096606  0.00097391 -0.00096732  0.00091763  0.0009682  -0.00099306
  0.00096233  0.00093371 -0.0009591  -0.00097917  0.00097148 -0.00096634
 -0.00097256 -0.00095854 -0.00092521  0.00099356  0.00099916 -0.000958
  0.00098744  0.00095411  0.00097139  0.00096383 -0.00096622 -0.00098882
 -0.00094617  0.00096629 -0.00098907  0.00096759 -0.00095997 -0.00050807
  0.00098817  0.00096849 -0.00098007 -0.00097682]value_nn/fc1/kernel:0<---------->[[ 0.09520964 -0.0733126  -0.10532334 ... -0.02913295  0.14130701
   0.17220426]
 [-0.07242879 -0.16319151 -0.15546817 ...  0.06840506 -0.10950438
  -0.17098093]
 [ 0.19767094 -0.12375883 -0.12035161 ...  0.04804786 -0.17386387
   0.18201652]
 ...
 [-0.20933887  0.19254014  0.18028103 ...  0.00711088 -0.1717891
  -0.04759667]
 [ 0.0312933  -0.06394272 -0.10830309 ...  0.05071034 -0.15314955
   0.16339388]
 [ 0.09457733  0.06294439  0.06766516 ...  0.12608105  0.21421978
   0.21262392]]value_nn/fc1/bias:0<---------->[-0.00094987 -0.00096818 -0.00097222  0.00097342 -0.00097086 -0.00095951
 -0.00096672 -0.00096697  0.00097057  0.000966   -0.00096576 -0.00097507
 -0.00097138  0.00096692 -0.0009706  -0.00093959 -0.00096621  0.0009723
  0.00097769 -0.00097263  0.00097069 -0.00096364 -0.00097367  0.0009489
  0.00096114  0.00096344 -0.00097204  0.00095864  0.00096667  0.00095885
 -0.00096784  0.00096152 -0.00097417 -0.00096663 -0.00096515 -0.00095408
  0.00097212  0.00096695 -0.00096891  0.00096402  0.00097742  0.00095657
  0.00097263  0.00096444  0.00096791 -0.00097057  0.00096661 -0.00097107
  0.00097315 -0.00094624  0.00096811  0.00095768  0.00096161  0.00096838
 -0.00096045 -0.00096378  0.00096688 -0.00096573  0.00096439 -0.00096695
  0.00095926 -0.00097081 -0.0009559   0.0009115 ]value_nn/value_action/kernel:0<---------->[[ 0.16647862]
 [ 0.10357426]
 [ 0.03143552]
 [-0.04618924]
 [ 0.16981341]
 [ 0.19941887]
 [ 0.11258259]
 [ 0.21915488]
 [-0.11756744]
 [-0.08349613]
 [ 0.20158182]
 [ 0.17161457]
 [ 0.15919818]
 [-0.18141946]
 [ 0.13416149]
 [ 0.19328626]
 [ 0.2772797 ]
 [-0.07531291]
 [-0.05722243]
 [ 0.19592011]
 [-0.29502854]
 [ 0.30352673]
 [ 0.24179924]
 [-0.26404172]
 [-0.14269379]
 [-0.10959444]
 [ 0.12099493]
 [-0.01153516]
 [-0.18767191]
 [-0.08414804]
 [ 0.12940374]
 [-0.252561  ]
 [ 0.03185225]
 [ 0.22987695]
 [ 0.29644242]
 [ 0.06560584]
 [-0.24434242]
 [-0.15768395]
 [ 0.24788621]
 [-0.16224666]
 [-0.26155585]
 [-0.27105314]
 [-0.17236558]
 [-0.25574434]
 [-0.17107289]
 [ 0.29462725]
 [-0.23852697]
 [ 0.16169636]
 [-0.05498198]
 [ 0.2127295 ]
 [-0.05707239]
 [-0.18998599]
 [-0.10263906]
 [-0.06362333]
 [ 0.26846418]
 [ 0.10670023]
 [-0.264599  ]
 [ 0.18676698]
 [-0.29698804]
 [ 0.25341678]
 [-0.19182801]
 [ 0.24753395]
 [ 0.24168055]
 [-0.13304101]]value_nn/value_action/bias:0<---------->[-0.00096655]beta1_power:0<---------->0.7289999beta2_power:0<---------->0.9970031value_nn/fc0/kernel/Adam:0<---------->[[ 1.7310914e-02 -3.7988173e-04  1.5510673e-02 ...  8.3587691e-03
  -7.7491514e-03 -2.6501652e-02]
 [ 5.1336526e-04  8.7786226e-05  1.3629353e-03 ...  6.4367219e-04
  -9.5457170e-04 -2.2986142e-03]
 [ 8.4086013e-04 -4.4417451e-04 -1.2568948e-03 ... -5.4516492e-04
   1.0873148e-03  2.9054391e-03]
 ...
 [-2.3022678e-03 -4.7982647e-04 -3.4313770e-03 ... -2.0582627e-03
   2.3312340e-03  6.3542314e-03]
 [ 2.6738459e-02 -7.5880322e-04  2.0904893e-02 ...  1.2416241e-02
  -1.0943626e-02 -3.5142317e-02]
 [-1.5257579e-02 -2.8639307e-04 -1.5036412e-02 ... -8.1615038e-03
   8.0242250e-03  2.5677068e-02]]value_nn/fc0/kernel/Adam_1:0<---------->[[1.80574589e-05 1.55566635e-08 1.38922596e-05 ... 4.13055614e-06
  3.51058770e-06 4.08346496e-05]
 [4.24860715e-08 6.28761543e-10 1.18007144e-07 ... 3.54819711e-08
  6.21102956e-08 3.90506756e-07]
 [1.53812977e-07 1.09831895e-08 1.33422645e-07 ... 3.82742158e-08
  7.89705794e-08 6.33142292e-07]
 ...
 [4.98582608e-07 1.30976128e-08 7.29861256e-07 ... 2.80598101e-07
  3.33852455e-07 2.53706889e-06]
 [4.17028932e-05 5.21820667e-08 2.52030877e-05 ... 8.96722577e-06
  6.99130896e-06 7.11965913e-05]
 [1.45724189e-05 1.35122313e-08 1.32052664e-05 ... 3.99305100e-06
  3.79739072e-06 3.88755070e-05]]value_nn/fc0/bias/Adam:0<---------->[-9.5474711e-03 -5.8977224e-04 -1.0695458e-02  4.2601428e-03
 -4.3902002e-04 -3.5273202e-03  1.5951297e-03  8.7647438e-03
 -1.7540064e-03 -5.1640775e-03  8.0543216e-03 -3.1179159e-03
  3.5231449e-03 -8.4990896e-03  3.1175932e-03 -4.6798671e-03
  1.1885475e-02 -2.5134976e-03  3.4625190e-03 -1.0124255e-03
  2.8300748e-04  1.8856307e-02 -6.7127112e-04 -7.6681953e-03
 -6.8480903e-03  2.5899636e-03  2.2834280e-04 -8.0669619e-04
 -1.1130664e-02  5.0291191e-03 -8.7174075e-03 -3.8977109e-03
  9.7639337e-03 -2.5675499e-03 -6.9886986e-03  1.0475632e-03
 -5.0802766e-03 -5.1049967e-03  1.0193485e-02  2.1577399e-02
 -1.9350381e-03  5.1618936e-03  1.8769756e-02  2.8912574e-03
  1.5130177e-03 -1.9364631e-03 -1.0121909e-04  8.8916030e-03
 -7.7534579e-03 -7.0076007e-03 -1.5020542e-02 -8.5265590e-03
  1.3087392e-02  3.5547055e-03  1.5570746e-03 -1.2108901e-02
  3.7523541e-03 -1.8021205e-02  2.8168631e-03  1.2187475e-05
 -1.6289185e-03 -5.9362776e-03  6.3770874e-03  1.8605301e-02]value_nn/fc0/bias/Adam_1:0<---------->[6.40366989e-06 2.39165967e-08 6.89555100e-06 1.14087277e-06
 1.06472804e-08 7.44545389e-07 1.58734125e-07 4.69017550e-06
 3.08666955e-07 1.74619822e-06 4.22693347e-06 6.20258163e-07
 7.35047138e-07 4.70101304e-06 6.32047715e-07 1.45637159e-06
 8.89298917e-06 4.92515824e-07 8.99917325e-07 1.08210330e-07
 4.93441465e-09 2.22074486e-05 2.52280365e-08 3.69977806e-06
 2.99869043e-06 4.49181897e-07 4.03363165e-09 3.62155888e-08
 8.12843973e-06 1.75742480e-06 4.84296970e-06 9.36350034e-07
 6.04284287e-06 5.23208143e-07 3.08434937e-06 6.24740011e-08
 1.67142332e-06 1.91780782e-06 6.82435621e-06 2.80705353e-05
 2.33156086e-07 1.69605664e-06 2.18392288e-05 5.50327229e-07
 1.75252353e-07 2.13077882e-07 5.67982106e-10 5.21743277e-06
 3.50242954e-06 3.29648356e-06 1.40556658e-05 4.67790414e-06
 1.09083685e-05 7.32030230e-07 1.68583554e-07 9.33517094e-06
 8.14865928e-07 2.05623583e-05 5.19148614e-07 3.12923483e-08
 1.54115256e-07 2.22258313e-06 2.44268881e-06 2.10764683e-05]value_nn/fc1/kernel/Adam:0<---------->[[-0.00051009  0.00135108  0.00024086 ... -0.00140298 -0.0010525
  -0.00100461]
 [ 0.00628162  0.00639904  0.00198187 ...  0.01018265  0.0073915
  -0.00322448]
 [-0.00239801 -0.00271549 -0.00081892 ... -0.00447233 -0.00452471
   0.0009469 ]
 ...
 [ 0.00249387  0.00293111  0.00090652 ...  0.00275961  0.00171107
  -0.00133059]
 [ 0.00130188  0.00082043  0.0002499  ...  0.00274892  0.00359507
  -0.00157188]
 [ 0.00126898 -0.00046956 -0.00011453 ...  0.00013049  0.00102794
  -0.00028496]]value_nn/fc1/kernel/Adam_1:0<---------->[[2.13047002e-08 1.14769215e-07 4.20145030e-09 ... 1.10001089e-07
  6.49517347e-08 7.04321579e-08]
 [2.58733348e-06 2.51261145e-06 2.36544935e-07 ... 6.25832718e-06
  3.50582195e-06 7.30093006e-07]
 [6.08692289e-07 5.59718046e-07 4.86971281e-08 ... 1.56605927e-06
  1.56917588e-06 1.44722108e-07]
 ...
 [3.89076234e-07 4.99023997e-07 4.71743000e-08 ... 4.26242678e-07
  1.67301323e-07 1.05841750e-07]
 [1.14114229e-07 5.60466553e-08 4.58979521e-09 ... 4.22737088e-07
  7.23765254e-07 1.44300785e-07]
 [1.41235404e-07 5.36336913e-08 3.38140005e-09 ... 1.23772466e-07
  1.26286992e-07 4.74938098e-08]]value_nn/fc1/bias/Adam:0<---------->[ 0.00858318  0.00843335  0.00256604 -0.00380173  0.0129376   0.00841353
  0.00815591  0.01600384 -0.00907694 -0.00635801  0.01520908  0.00997815
  0.0123928  -0.01385205  0.00874294  0.00947027  0.01241925 -0.00607397
 -0.00497575  0.0127635  -0.0193399   0.02027205  0.01994257 -0.01230829
 -0.00955465 -0.00812592  0.00987819 -0.000642   -0.01282743 -0.00447502
  0.00651187 -0.01413508  0.00237409  0.01672753  0.02042382  0.00307963
 -0.01702652 -0.01245836  0.01918769 -0.00615713 -0.02417974 -0.01536248
 -0.01446113 -0.01660154 -0.01120276  0.0214536  -0.0175572   0.01215924
 -0.00382502  0.0091821  -0.0038126  -0.01147283 -0.00526998 -0.00471177
  0.01874769  0.00742782 -0.02017595  0.01351715 -0.02107665  0.01820981
 -0.01164601  0.01346738  0.01016495 -0.00356769]value_nn/fc1/bias/Adam_1:0<---------->[5.03910087e-06 4.49165418e-06 4.08739737e-07 8.92672915e-07
 1.04510036e-05 4.64078994e-06 4.22734229e-06 1.62590477e-05
 5.15066131e-06 2.57689203e-06 1.47607525e-05 6.10678626e-06
 9.56820440e-06 1.21836047e-05 4.77799449e-06 6.42485793e-06
 9.82341589e-06 2.28949898e-06 1.50192466e-06 1.00956267e-05
 2.33703795e-05 2.64643695e-05 2.45381980e-05 1.04070987e-05
 5.94294534e-06 4.25586222e-06 6.06223739e-06 2.71171530e-08
 1.04589262e-05 1.31665922e-06 2.68195231e-06 1.29852597e-05
 3.46996586e-07 1.77891543e-05 2.66878342e-05 6.36724394e-07
 1.80042716e-05 9.85408678e-06 2.31788345e-05 2.43728118e-06
 3.55086922e-05 1.56722672e-05 1.29596065e-05 1.76878948e-05
 7.93516210e-06 2.87724415e-05 1.95993143e-05 9.22290019e-06
 9.04669378e-07 5.86116494e-06 9.18239266e-07 8.69846190e-06
 1.80424911e-06 1.40087718e-06 2.29487996e-05 3.55079237e-06
 2.58515302e-05 1.16609390e-05 2.85151982e-05 2.10525086e-05
 8.90160391e-06 1.13268488e-05 6.88167029e-06 1.04053129e-06]value_nn/value_action/kernel/Adam:0<---------->[[-0.04657237]
 [-0.00502293]
 [ 0.02025888]
 [ 0.0056835 ]
 [ 0.02492441]
 [ 0.05673979]
 [-0.04026091]
 [-0.0091039 ]
 [ 0.01276171]
 [-0.01016817]
 [ 0.01492366]
 [ 0.04260544]
 [ 0.00393224]
 [ 0.00566561]
 [-0.00307483]
 [-0.06357918]
 [ 0.05445245]
 [-0.01154854]
 [-0.03657809]
 [ 0.04425135]
 [-0.0079588 ]
 [-0.01676662]
 [ 0.02172288]
 [-0.08824039]
 [ 0.03693499]
 [ 0.01442665]
 [ 0.02599895]
 [ 0.0329671 ]
 [-0.03439703]
 [-0.04099609]
 [-0.04331901]
 [-0.01225494]
 [-0.01630291]
 [ 0.01349041]
 [ 0.03528728]
 [ 0.04566988]
 [-0.01920856]
 [-0.01200761]
 [-0.01766979]
 [ 0.0365117 ]
 [-0.04689399]
 [-0.05030474]
 [-0.01765033]
 [ 0.05766705]
 [ 0.01152599]
 [ 0.00826059]
 [-0.02046814]
 [-0.0047493 ]
 [ 0.00621584]
 [ 0.06348972]
 [-0.01355245]
 [ 0.04349232]
 [-0.05105937]
 [-0.0010887 ]
 [ 0.02258847]
 [-0.04802757]
 [ 0.02199158]
 [-0.01737654]
 [ 0.03302094]
 [ 0.0297546 ]
 [-0.0430281 ]
 [-0.04187936]
 [-0.05443565]
 [-0.08079679]]value_nn/value_action/kernel/Adam_1:0<---------->[[1.27477208e-04]
 [1.96020710e-06]
 [2.95102691e-05]
 [4.74143735e-06]
 [4.22545781e-05]
 [2.00546623e-04]
 [8.95996200e-05]
 [4.83915665e-06]
 [1.10625060e-05]
 [6.14375904e-06]
 [1.34824604e-05]
 [1.22704223e-04]
 [2.53855728e-06]
 [2.02095453e-06]
 [3.54808094e-06]
 [2.30482139e-04]
 [1.86116449e-04]
 [7.46409478e-06]
 [7.38986564e-05]
 [1.20829049e-04]
 [3.61769230e-06]
 [1.67369271e-05]
 [2.60749075e-05]
 [4.40184871e-04]
 [8.15371677e-05]
 [1.16286565e-05]
 [3.75339878e-05]
 [6.28932103e-05]
 [7.27223014e-05]
 [9.75899748e-05]
 [1.20832745e-04]
 [8.84943620e-06]
 [1.46932171e-05]
 [1.17993168e-05]
 [7.01800091e-05]
 [1.18299780e-04]
 [2.28222307e-05]
 [1.01537662e-05]
 [1.72495711e-05]
 [8.38829365e-05]
 [1.22527534e-04]
 [1.44044927e-04]
 [1.74047491e-05]
 [1.86652964e-04]
 [7.33694787e-06]
 [3.77475840e-06]
 [2.53416147e-05]
 [1.88533136e-06]
 [6.58755334e-06]
 [2.42819922e-04]
 [1.73561530e-05]
 [1.10554502e-04]
 [1.60154450e-04]
 [6.54560637e-08]
 [3.04912464e-05]
 [1.28763160e-04]
 [2.74980412e-05]
 [1.66744358e-05]
 [6.18622362e-05]
 [5.63918147e-05]
 [1.05390922e-04]
 [1.17085154e-04]
 [1.76543734e-04]
 [3.85265274e-04]]value_nn/value_action/bias/Adam:0<---------->[0.08455656]value_nn/value_action/bias/Adam_1:0<---------->[0.00045472]beta1_power_1:0<---------->0.6560999beta2_power_1:0<---------->0.9960061policy_nn/fc0/kernel/Adam:0<---------->[[ 0.1574669  -0.32309386  0.6430472  ... -0.39804384  0.8217793
  -0.51061934]
 [ 0.16606513 -0.15469208  0.15646914 ... -0.24107592  0.13505778
  -0.34400892]
 [-0.25813782  0.20670815 -0.2667824  ...  0.2484795  -0.40970978
   0.3734727 ]
 ...
 [-0.13631873  0.31572527 -0.3215711  ...  0.29387692 -0.45955142
   0.31763703]
 [ 0.31664672 -0.44663125  0.5041701  ... -0.56991404  0.6119248
  -0.3311187 ]
 [-0.24186632  0.5806632  -0.7551537  ...  0.6534767  -1.0717511
   0.6688022 ]]policy_nn/fc0/kernel/Adam_1:0<---------->[[0.05964455 0.00851802 0.01917147 ... 0.00699743 0.02760572 0.05025043]
 [0.00690701 0.00119638 0.00134474 ... 0.00353913 0.00228265 0.00561818]
 [0.00810986 0.00252889 0.00289892 ... 0.00264071 0.00683878 0.00952388]
 ...
 [0.01600521 0.00492409 0.00421988 ... 0.003938   0.00869059 0.01518076]
 [0.05642484 0.01020015 0.01129201 ... 0.02048678 0.01529152 0.07209069]
 [0.09590021 0.01967343 0.02532555 ... 0.01952519 0.04700937 0.07808848]]policy_nn/fc0/bias/Adam:0<---------->[-3.2303327e-01  5.6039083e-01 -6.6000986e-01 -1.7561803e+00
  1.4372302e+00  2.6467702e-01  7.5985032e-01 -6.7507997e-02
  1.2690493e+00  7.2331452e-01 -3.5517424e-01  5.5579638e-01
  7.0095479e-01  1.4809029e+00 -1.5658870e-02 -8.3285844e-01
 -8.6507040e-01  4.8569262e-02  2.7648026e-01 -1.0295479e-01
 -2.4543050e-01  4.4942981e-01 -4.4826794e-01 -4.2929268e-03
  1.2593205e-01  8.0764579e-04 -6.9652194e-01 -8.2446975e-01
 -2.0324998e-01 -9.0184247e-01  5.8543527e-01  9.2104077e-01
  1.3202648e+00 -7.5190075e-02 -3.4086856e-01  2.1926640e-01
 -4.4812113e-02 -1.6069092e+00 -8.0347145e-01 -1.8929616e+00
 -6.3819662e-02 -2.5245762e-01  1.1848809e+00 -6.6700679e-01
  3.0122926e+00 -1.7535757e-01  2.3146267e-01 -5.3194505e-01
 -1.6840092e+00 -7.7250993e-01  6.2980413e-01 -3.5167140e-01
  1.7989786e+00 -8.0512667e-01  6.5314758e-01  8.7295216e-01
  1.4496415e+00  1.1829770e+00  1.1621889e+00 -3.6463806e-01
  7.8557020e-01  5.8712375e-01 -9.2293453e-01  6.4481127e-01]policy_nn/fc0/bias/Adam_1:0<---------->[0.06772964 0.0174582  0.01816837 0.14843895 0.11461511 0.00301052
 0.07364705 0.03414944 0.06532752 0.05762919 0.00809883 0.04680649
 0.03169739 0.14230216 0.13369521 0.0346469  0.03107723 0.01449747
 0.02647281 0.03406631 0.00561509 0.01319572 0.05187676 0.00066986
 0.0488594  0.04329783 0.04710581 0.04061787 0.00414437 0.10755802
 0.01464493 0.04084154 0.22509322 0.06877252 0.00743026 0.00399955
 0.00936704 0.11288495 0.08583545 0.16450801 0.00628963 0.01006418
 0.05824021 0.02008779 0.44893283 0.19521685 0.03213586 0.01194964
 0.17782795 0.02741576 0.02256432 0.00682692 0.15280525 0.04611025
 0.02146575 0.03129236 0.1244347  0.05787518 0.07378618 0.00986078
 0.02811072 0.01596154 0.03497393 0.07009818]policy_nn/fc1/kernel/Adam:0<---------->[[-0.3779953  -0.3989661  -0.21130162 ...  0.84643817  0.5752154
   1.0630673 ]
 [-0.8935896  -0.23041476  0.39505953 ...  1.4391861   0.92890817
   1.6601305 ]
 [ 0.48081905  0.3948759   0.13797191 ... -0.6859679  -0.55169106
  -0.99072015]
 ...
 [-0.02847823 -0.08111532 -0.1543059  ...  0.01089217  0.04572602
   0.09877174]
 [ 0.57244635  0.07159089 -0.1987581  ... -0.8482821  -0.6233014
  -1.2570478 ]
 [-0.6861126  -0.25177753  0.33348036 ...  0.9804265   0.74252856
   1.2812222 ]]policy_nn/fc1/kernel/Adam_1:0<---------->[[1.48390569e-02 2.54978910e-02 1.16865002e-02 ... 4.31260876e-02
  2.28422713e-02 7.21492469e-02]
 [4.88094464e-02 2.87315412e-03 2.44299248e-02 ... 1.31916046e-01
  3.88424061e-02 2.37454340e-01]
 [2.87891440e-02 1.88575629e-02 6.23807646e-02 ... 2.15741061e-02
  1.25143211e-02 7.80839100e-02]
 ...
 [3.60608101e-03 2.84598034e-04 9.49134119e-03 ... 4.99654561e-04
  6.85215229e-04 5.45507646e-04]
 [2.38374490e-02 2.18915506e-04 6.40840456e-03 ... 5.39496765e-02
  2.63419189e-02 1.24342084e-01]
 [2.01891828e-02 1.26531478e-02 8.04176833e-03 ... 6.85468987e-02
  3.44469622e-02 1.42074570e-01]]policy_nn/fc1/bias/Adam:0<---------->[-0.9569123  -0.17992133  0.42231062 -2.3094234  -1.2419419  -1.2443204
  0.8503868  -0.7827045   0.29201317  1.3862302  -1.6694139  -0.94431925
 -0.6193546  -0.528656   -0.62098086  0.5392221  -1.0411458  -1.534226
  1.8155808  -0.33444375 -2.1160896  -0.39408556  0.28382164  2.3473048
 -0.30413547 -2.940213   -1.9488504  -1.2723191   0.18555     0.9956302
 -2.7380753  -0.6196236   0.87534225 -0.8320851   1.0221932   1.4325802
 -0.49118963 -0.5101947   0.80304587  0.6533609  -0.2750249   1.7123288
 -0.60586226  2.3850565   0.75437945  1.2215612  -0.4245344  -0.39611426
 -2.0519192  -0.24751437 -2.2579746  -0.12372035  1.4549336   2.1167796
  0.10730173 -0.63159156 -1.1230323  -1.979534   -1.0357884  -1.1458191
 -1.5484163   1.6979742   1.0453365   2.1941807 ]policy_nn/fc1/bias/Adam_1:0<---------->[0.14961271 0.00680131 0.0442307  0.51550823 0.06306652 0.22990026
 0.04732309 0.03133336 0.0970728  0.2716695  0.18432653 0.2363654
 0.04187551 0.1289704  0.0450689  0.0252186  0.04440974 0.3237623
 0.26437986 0.02469842 0.21772663 0.07792984 0.01715875 0.39571172
 0.00722161 0.3967227  0.19941492 0.15780303 0.03944184 0.09664086
 0.3843464  0.02730907 0.03709    0.44104883 0.10405494 0.12716833
 0.0097807  0.037487   0.02967593 0.0339128  0.3351034  0.15987514
 0.01572764 0.23185396 0.07326161 0.44444108 0.02207545 0.00826495
 0.17810655 0.03479438 0.20868199 0.09662085 0.1990488  0.18359797
 0.01315476 0.01635741 0.17440449 0.16073626 0.552493   0.07423965
 0.21064612 0.16745503 0.04557876 0.39666042]policy_nn/policy_action/kernel/Adam:0<---------->[[-8.79457444e-02  2.55813729e-02 -1.13981124e-02 -2.60201305e-01
   2.22775084e-03 -1.08684018e-01 -1.01439981e-02  3.78024608e-01
  -1.02299249e+00  1.78087309e-01 -2.91379189e+00  6.10725701e-01
  -9.33604896e-01 -1.03664565e+00]
 [-1.64785102e-01  5.96590862e-02 -4.19917814e-02 -5.56369722e-01
  -4.10816148e-02 -9.34841484e-02  3.84491384e-02  8.95898223e-01
  -6.03213727e-01  2.99443930e-01 -5.67783022e+00  2.08243227e+00
  -1.64388657e+00 -2.02505755e+00]
 [-5.66301569e-02 -3.24493274e-03  2.93756146e-02  6.37726560e-02
  -1.07647777e-01  8.80789850e-03  1.63344480e-02  1.70935780e-01
   3.46920379e-02 -7.17462739e-03 -1.35405466e-01  7.65877366e-01
  -2.58228600e-01 -3.82153541e-01]
 [ 1.13111570e-01 -6.66987076e-02  6.12243600e-02  3.87966216e-01
   2.14778438e-01  3.96527573e-02 -3.75403091e-02 -9.86257076e-01
   7.61826560e-02 -1.70518637e-01  4.86898994e+00 -1.50316882e+00
   1.38940406e+00  1.74706793e+00]
 [-1.43315224e-02  1.45120258e-02 -1.96054131e-02  2.10535496e-01
  -1.12704493e-01  3.25647555e-03 -2.81203464e-02 -1.74096540e-01
  -1.30541578e-01 -5.04633114e-02  1.63973141e+00 -1.54551446e+00
   4.79138881e-01  7.19481945e-01]
 [ 3.10386382e-02  9.43179883e-04 -7.45542943e-02  1.10366168e-02
   9.64765549e-02 -3.62721942e-02 -3.10018808e-02 -4.84079599e-01
  -4.11790341e-01  1.21824935e-01  8.36766362e-01 -9.19932842e-01
   2.64164239e-01  5.40563405e-01]
 [ 5.29942401e-02 -5.57870511e-03 -2.00178046e-02  1.47993937e-01
   2.57165614e-03  7.16605708e-02 -4.70019467e-02 -7.50838518e-02
   3.39002520e-01 -3.88183594e-02  1.63238728e+00 -1.22262919e+00
   9.11092162e-01  9.03148293e-01]
 [ 6.18920475e-02  4.02670465e-02 -3.34118530e-02  2.02289209e-01
  -8.30820799e-02  2.23037209e-02 -4.20628376e-02 -5.35145164e-01
  -6.70746744e-01  1.18650615e-01  1.42722929e+00 -1.26533067e+00
   6.65663183e-01  8.05484593e-01]
 [-1.51437506e-01 -4.01733704e-02  1.45791009e-01 -2.36282513e-01
   6.76182956e-02 -1.26895711e-01  1.19334003e-02  8.93657923e-01
  -5.51505566e-01 -1.41234621e-01 -2.93818307e+00  2.25254583e+00
  -1.21902657e+00 -1.55811965e+00]
 [ 4.33198661e-02  2.05779113e-02 -7.10967481e-02  1.66467369e-01
  -4.15122993e-02  3.11827362e-02 -2.82444544e-02 -2.87121013e-02
   5.11175245e-02 -1.07859455e-01  1.92790782e+00 -1.22536457e+00
   8.79410028e-01  1.17861474e+00]
 [-1.56718306e-02 -2.20228471e-02  1.28936514e-01  1.80925682e-01
   2.25509163e-02 -1.87820755e-02 -6.15107361e-03 -3.87768239e-01
  -4.82343346e-01 -1.06398225e-01  1.24544549e+00 -4.61975634e-01
   3.00282896e-01  4.08821791e-01]
 [ 8.82446468e-02 -5.13585564e-03 -4.50371318e-02  2.78050393e-01
  -5.33262314e-03  8.09458643e-02 -4.74441163e-02 -5.98288119e-01
   8.87850642e-01  4.63743359e-02  4.08120918e+00 -2.56377006e+00
   1.46552694e+00  1.74086177e+00]
 [ 1.34990081e-01 -1.10516849e-03 -1.98835477e-01  4.28198278e-01
  -3.61706465e-02  1.41485542e-01 -8.39939434e-03 -8.69842529e-01
   1.20143092e+00  1.43484786e-01  5.08516026e+00 -2.62965274e+00
   1.60133266e+00  1.87234545e+00]
 [ 4.36668545e-02 -2.70953253e-02 -3.27522121e-02 -8.27592686e-02
   1.45990968e-01  3.17113698e-02 -1.91814301e-03  2.69344389e-01
   1.65384829e+00  6.51082247e-02  1.12811875e+00  3.67620960e-02
   3.23515654e-01  2.66624928e-01]
 [ 1.63888317e-02 -1.79411694e-02 -2.52216542e-03  4.50019300e-01
  -2.49072537e-02  2.27127501e-04 -2.90971156e-02 -1.08728600e+00
  -1.10596633e+00 -1.00720748e-01  3.62961364e+00 -1.93595052e+00
   1.05030525e+00  1.43427896e+00]
 [-2.05733955e-01  3.74899544e-02  1.83364183e-01 -5.73986232e-01
   9.52214189e-03 -1.73559725e-01  5.95890358e-02  1.38277316e+00
  -1.76042032e+00 -8.18763748e-02 -7.21950054e+00  3.68570781e+00
  -2.28652763e+00 -2.67993379e+00]
 [ 3.27094458e-02  4.78568661e-04 -9.91877615e-02  1.50156885e-01
   1.83944050e-02  4.04081196e-02 -2.65797768e-02 -5.67668796e-01
   5.65869689e-01  2.42528766e-01  2.42187548e+00 -1.61424971e+00
   9.79437411e-01  1.05511534e+00]
 [ 6.81135878e-02 -1.73560844e-03 -1.63475677e-01  3.23113948e-01
  -3.06182057e-02  4.17508036e-02 -1.47283096e-02 -1.03120470e+00
   2.83896834e-01  6.86701536e-02  3.96822810e+00 -2.81882215e+00
   1.11806715e+00  1.66035688e+00]
 [ 7.63199897e-03 -4.45564650e-02 -3.45567092e-02 -6.93123937e-02
   4.03065123e-02  1.86333235e-03  3.61441784e-02  2.33666182e-01
   1.61611104e+00  1.04157180e-01  6.77174807e-01  3.34023684e-01
  -2.09909037e-01 -3.49209040e-01]
 [-1.65216939e-03  3.02209854e-02  4.94461767e-02 -3.37714106e-02
   4.46291082e-02  3.29258442e-02  9.79361031e-03 -6.71983540e-01
  -9.63745296e-01  2.23143529e-02 -9.20735419e-01 -1.58213675e-01
   5.94769418e-02  3.08560058e-02]
 [ 1.29110869e-02 -1.90436877e-02  9.26554576e-02  3.19507629e-01
   7.22583383e-02  9.87796206e-03 -3.42917512e-03 -9.75674391e-01
  -1.80532134e+00 -2.62280285e-01  8.46176922e-01 -4.66822386e-01
   4.27669793e-01  5.25909722e-01]
 [ 9.38847139e-02 -7.99529720e-04 -1.69730440e-01  2.80714631e-01
  -1.60789073e-01  1.01087369e-01 -6.82123611e-03 -6.34636760e-01
   1.07978189e+00  8.62265974e-02  3.25956178e+00 -1.76615357e+00
   8.69465530e-01  1.06616294e+00]
 [ 9.05499607e-02 -4.88566421e-02 -5.17391004e-02 -1.74447000e-01
   1.80227593e-01  1.72094535e-02  3.98250483e-02  4.38466072e-01
   2.04590917e+00  1.40680492e-01  1.57311931e-01  1.34022641e+00
  -4.06824589e-01 -6.25060439e-01]
 [-1.18188158e-01  2.58757696e-02  6.47131950e-02 -5.84772468e-01
  -4.94282246e-02 -1.08062401e-01  1.79837085e-02  1.62156999e+00
   2.76816249e-01  1.85803145e-01 -5.43017387e+00  2.49425602e+00
  -1.63889647e+00 -2.08910990e+00]
 [ 7.97918960e-02 -6.92536775e-03  1.43726408e-01  5.23273647e-01
  -8.41121748e-02  1.02476105e-01 -1.32055357e-02 -9.45525587e-01
  -1.50338578e+00 -2.72161543e-01  3.02353716e+00 -8.23934436e-01
   1.34663343e+00  1.39505684e+00]
 [-9.59511474e-02  1.24927079e-02 -8.64747465e-02 -5.97055554e-01
   1.05262399e-01 -1.05053999e-01  1.62074137e-02  1.40239501e+00
   1.21804988e+00  2.48245671e-01 -4.41538572e+00  1.57681489e+00
  -1.47423840e+00 -1.83480752e+00]
 [-3.13927024e-03 -1.02576129e-02  7.40622357e-02  1.47631913e-01
   7.59813562e-02 -5.35384305e-02 -2.48205289e-02 -5.77727675e-01
  -1.49987149e+00 -1.57550856e-01  8.64634573e-01 -8.23216140e-01
   2.23559961e-01  4.98067230e-01]
 [-1.81740485e-02 -1.58304721e-02 -4.04054634e-02 -2.02681750e-01
  -8.16389825e-03 -5.18061146e-02  1.10213868e-02  5.86902082e-01
   1.32336557e+00  5.22930995e-02 -1.11948276e+00  1.04121196e+00
  -6.33209646e-01 -7.37442493e-01]
 [-4.78844196e-02  2.89316829e-02 -9.72970799e-02  1.22995395e-02
  -1.77075133e-01 -2.78230328e-02 -2.49963719e-02  8.52751613e-01
   9.12042022e-01  1.28684323e-02 -2.71053851e-01 -2.96471447e-01
  -3.75182897e-01 -3.38407815e-01]
 [-3.55227254e-02  8.05228204e-02  1.76762603e-02 -2.89390445e-01
  -1.39881283e-01  2.68792640e-02 -2.55101314e-03  7.30811834e-01
  -3.81036922e-02  3.11709195e-01 -3.58986163e+00  1.47810471e+00
  -5.15096664e-01 -9.75595057e-01]
 [ 2.71625742e-02 -1.53993489e-02 -6.43898994e-02  1.37218654e-01
  -1.52412504e-01  5.64719699e-02  3.00083286e-03  6.30342541e-03
   9.71226692e-01  6.63374364e-03  1.08820915e+00 -5.26272953e-01
   4.21564698e-01  2.22687647e-01]
 [ 1.36572076e-03 -1.57048386e-02 -8.03126171e-02 -3.21782619e-01
  -4.66949716e-02  5.99730946e-03  5.02465479e-02  7.16169238e-01
   2.07066393e+00  2.56448597e-01 -1.55338836e+00  1.39427400e+00
  -6.00017905e-01 -1.01144660e+00]
 [-1.15453482e-01 -2.38753371e-02 -5.42928912e-02 -4.82731849e-01
   5.73062338e-02 -1.21184073e-01  2.82144994e-02  9.10607696e-01
   8.88811707e-01  1.35623947e-01 -3.18579531e+00  1.63554585e+00
  -1.42717004e+00 -1.68747187e+00]
 [-3.19461599e-02  5.25036864e-02  1.56298466e-02 -1.77402064e-01
   2.26178393e-03 -1.82691161e-02 -1.55213652e-02  5.82433760e-01
  -3.77753317e-01  7.04210028e-02 -1.62815440e+00  4.49122190e-02
  -2.83609420e-01 -2.71561861e-01]
 [-8.94500837e-02  2.20484156e-02 -2.09330767e-02 -4.47406650e-01
  -1.29828349e-01 -2.37376876e-02  1.22540891e-02  1.17645252e+00
   1.97104549e+00  2.71506250e-01 -3.51421022e+00  1.53850472e+00
  -1.14815009e+00 -1.65711606e+00]
 [-4.05914336e-02  4.02128547e-02 -1.07323062e-02 -2.95813471e-01
  -1.40085682e-01  5.23229316e-03  3.93426456e-02  3.14922690e-01
  -1.49461672e-01  2.05984131e-01 -3.92234039e+00  1.66381454e+00
  -1.13780832e+00 -1.44772363e+00]
 [-3.68240997e-02 -4.97116800e-03  1.88350701e-03 -1.65521234e-01
  -5.93984732e-03 -6.60118535e-02  2.69336756e-02  3.31402093e-01
   9.71975550e-03 -1.17089465e-01 -2.09640336e+00  1.07843459e+00
  -9.64020669e-01 -1.01971054e+00]
 [ 1.75049424e-01 -5.96552603e-02 -1.85121335e-02  7.00359583e-01
   9.84726846e-03  1.50191352e-01 -1.25748590e-02 -1.69698393e+00
  -1.10577025e-01 -2.11398810e-01  6.80250692e+00 -2.46210027e+00
   2.19160914e+00  2.64422750e+00]
 [-1.23978004e-01  5.79676479e-02  1.97955489e-01 -5.71480691e-01
   8.88185576e-02 -1.36211589e-01 -1.19252196e-02  1.36802697e+00
  -1.61013746e+00  3.23328227e-02 -6.47319984e+00  3.09068561e+00
  -1.69990826e+00 -2.12126994e+00]
 [-8.62560868e-02  4.63491818e-03  1.20238453e-01 -2.88600242e-03
  -1.47884592e-01  3.28691825e-02 -1.62159521e-02  6.62788451e-01
  -3.88325425e-03 -9.07700434e-02 -1.55489314e+00  1.16323781e+00
  -1.26967296e-01 -6.31131530e-01]
 [-1.09320525e-02 -4.89611253e-02  1.62709597e-02 -6.93763793e-02
   1.26847820e-02 -3.72987171e-03  5.84052540e-02 -1.83939874e-01
   3.46787781e-01 -7.33530596e-02 -8.56880128e-01  6.66273832e-01
  -5.37089467e-01 -6.85931444e-01]
 [-8.08204561e-02  4.83907871e-02  4.52151112e-02 -5.86152971e-01
  -6.39029518e-02 -6.90075532e-02  4.19649966e-02  1.41358066e+00
   1.38584182e-01  1.58382878e-01 -5.96026611e+00  3.17090964e+00
  -1.79624915e+00 -2.31865048e+00]
 [-2.08149776e-02 -3.65953669e-02 -9.84227657e-02  3.16602170e-01
   1.33056536e-01 -4.36499156e-02 -6.36606589e-02 -3.26809704e-01
   1.67748347e-01 -1.46248996e-01  3.96325397e+00 -2.63835287e+00
   1.20098245e+00  1.58584237e+00]
 [-7.28023127e-02  1.30378790e-02  9.01855677e-02  5.95493391e-02
  -1.27539737e-02 -4.88686264e-02 -2.87993662e-02  2.51920849e-01
  -9.27699685e-01 -7.68987760e-02 -8.57296169e-01  1.00157224e-01
   6.99140280e-02 -7.04221874e-02]
 [-9.90787894e-02  1.62813682e-02  1.92633434e-03 -4.85928357e-01
   1.13185629e-01 -8.81008506e-02  9.25300550e-03  6.87371969e-01
   2.52025664e-01  2.22343102e-01 -4.10588551e+00  1.43258023e+00
  -1.25750518e+00 -1.60297418e+00]
 [-1.19605660e-01  1.16198873e-02 -8.38409737e-03 -3.63575250e-01
   8.45231488e-03 -1.01888306e-01  1.96729768e-02  5.82545757e-01
  -2.66729146e-01  6.65745791e-03 -3.68955851e+00  1.52846956e+00
  -1.42572284e+00 -1.67302251e+00]
 [ 2.07603388e-02 -5.90456501e-02 -5.58581389e-02  2.36668348e-01
   9.49708745e-02  2.80697481e-03 -2.46456265e-02 -2.56820798e-01
   7.39460528e-01  3.54138948e-02  3.32457495e+00 -8.17862034e-01
   8.74427140e-01  9.81488168e-01]
 [ 4.29864265e-02  1.04534009e-03  4.74770926e-03  1.86812207e-01
   1.59771085e-01  2.69118063e-02 -1.21556455e-02 -8.74262869e-01
  -8.20168436e-01  1.66259650e-02  2.09402895e+00 -1.40967059e+00
   8.30392718e-01  1.05052114e+00]
 [ 1.01578720e-01 -4.24572788e-02 -6.17266931e-02  3.12597245e-01
   1.45930809e-03  5.02928458e-02  5.05998684e-03 -5.90294480e-01
   5.38547158e-01 -8.19397718e-02  4.01268768e+00 -1.15311682e+00
   1.05404699e+00  1.36046207e+00]
 [-1.28487781e-01  3.34100872e-02  8.53758901e-02 -2.19406411e-01
  -2.56047733e-02 -1.07305445e-01  1.92903890e-03  7.52718985e-01
  -9.85845387e-01 -6.96308091e-02 -3.41593075e+00  1.52837491e+00
  -1.14282036e+00 -1.22776425e+00]
 [ 3.89157124e-02 -4.66745459e-02 -9.66789275e-02  4.07179534e-01
   7.66680539e-02  4.03060950e-02 -7.07059354e-02 -5.08102059e-01
   1.24100864e+00 -2.53587421e-02  5.14406872e+00 -2.54480934e+00
   1.52495265e+00  1.90762115e+00]
 [ 2.43292693e-02 -5.35386521e-03  5.99945597e-02  3.96114171e-01
  -1.07791185e-01 -7.85443932e-03 -4.26253490e-03 -4.00256008e-01
  -1.42221880e+00 -2.34131858e-01  1.89324284e+00 -3.22720945e-01
   6.98862672e-01  8.96673620e-01]
 [-4.35598828e-02  1.45586289e-03 -2.48346739e-02 -1.01054825e-01
  -5.52764535e-02 -5.51880635e-02  1.03040319e-02  8.44376147e-01
   2.74104118e-01  1.09597789e-02 -1.55740809e+00  7.65030146e-01
  -5.46663821e-01 -6.19115233e-01]
 [-1.77813340e-02  1.26153352e-02  3.35196070e-02 -2.71981657e-01
  -4.23231870e-02 -2.18569431e-02  5.83093241e-02  8.41029704e-01
   8.10311139e-02  2.22881120e-02 -2.63395691e+00  1.66264534e+00
  -7.11098015e-01 -1.05239916e+00]
 [ 1.34632155e-01 -2.82458272e-02 -8.43166113e-02  4.89168376e-01
  -8.94011855e-02  1.70641646e-01  7.09996745e-03 -1.09737635e+00
   1.34931731e+00  2.08192840e-02  5.04174900e+00 -1.57646668e+00
   1.44770944e+00  1.65176570e+00]
 [ 6.68340698e-02 -3.59069072e-02  8.70951638e-02  3.07197124e-01
  -5.71390800e-02  9.26464424e-02  3.94327641e-02 -5.54358423e-01
   4.67430681e-01 -1.33730635e-01  2.46749759e+00 -1.91367548e-02
   6.63927138e-01  6.00647509e-01]
 [ 3.11298383e-04  3.93813848e-02  3.10921650e-02 -7.51725659e-02
  -8.91200528e-02  2.03827135e-02  4.50888053e-02 -1.23199038e-01
  -1.01504529e+00 -9.53874886e-02 -2.33907795e+00  8.61596525e-01
  -6.49457276e-01 -6.69426739e-01]
 [-6.25906046e-03 -6.13877038e-03 -6.03262112e-02 -1.18667878e-01
   1.96106121e-01 -7.17816353e-02 -4.08425219e-02 -2.31854573e-01
  -4.04611349e-01  6.03819564e-02  1.96476504e-01 -1.23696220e+00
   4.86252010e-02  3.88360649e-01]
 [ 3.15069184e-02 -1.94649026e-03 -5.79198971e-02  5.27216680e-02
   2.15971936e-03  1.62086450e-02 -6.69711921e-03  2.34981939e-01
   6.30030811e-01 -8.37157667e-02  5.59413850e-01 -3.44194084e-01
   2.49882355e-01  2.67211199e-01]
 [ 6.19941466e-02  2.13793684e-02  5.76094305e-03  3.06825399e-01
  -4.06953171e-02  6.87840432e-02 -2.99193598e-02 -8.45474482e-01
  -7.88398266e-01 -5.50634116e-02  2.00374985e+00 -1.24555135e+00
   8.09054852e-01  1.07034969e+00]
 [-6.39932603e-02 -4.77578565e-02 -1.72493562e-01 -2.12123379e-01
   7.72317052e-02 -9.76117551e-02  1.80464517e-02  3.04927617e-01
   1.50823653e+00  2.01960295e-01  1.55680224e-01 -1.36064291e-01
  -4.55745220e-01 -5.71686983e-01]
 [-8.75880644e-02  1.12842564e-02  7.72371292e-02 -2.77116030e-01
   4.23574708e-02 -7.29496628e-02  1.57195907e-02  3.11852634e-01
  -1.19988000e+00 -4.15141769e-02 -3.79460430e+00  1.64838719e+00
  -1.17584574e+00 -1.36107635e+00]
 [ 2.36200374e-02 -3.99830714e-02 -1.17353067e-01 -3.39132845e-02
  -3.98282483e-02  3.57693806e-02 -2.06056307e-03  5.72449684e-01
   2.54147720e+00  2.22887427e-01  2.01264381e+00 -3.46001297e-01
   3.42878580e-01  9.71301496e-02]
 [-5.31105511e-03  1.49652753e-02  1.18734680e-01  6.14769245e-03
  -3.17496136e-02  8.44808519e-02  1.70636754e-02  3.63562137e-01
   1.47434771e-01  3.51811722e-02 -5.64834237e-01  7.25416303e-01
   1.52033553e-01 -1.66996837e-01]]policy_nn/policy_action/kernel/Adam_1:0<---------->[[1.55669753e-03 8.16168758e-05 9.13938915e-04 4.86872485e-03
  8.49053089e-04 8.43064568e-04 2.34178267e-04 5.97195281e-03
  2.77685076e-01 6.84745703e-03 4.56274569e-01 3.10188472e-01
  6.43201470e-02 1.23070166e-01]
 [3.91599489e-03 2.12789804e-04 2.90285592e-04 2.66438313e-02
  1.61511044e-03 9.49096866e-04 1.12148133e-04 5.41282706e-02
  9.47782695e-02 2.00826991e-02 2.22506905e+00 2.22099066e-01
  2.51306474e-01 4.63665277e-01]
 [1.01162994e-03 2.19208505e-05 4.63710894e-04 2.12107188e-04
  5.85445378e-04 1.54212848e-05 2.68518470e-05 1.19098108e-02
  8.96710753e-02 1.80362869e-04 2.40088925e-02 4.46286798e-01
  8.72857776e-03 6.85435394e-03]
 [1.12888508e-03 1.98425289e-04 2.21318612e-03 1.81464683e-02
  3.30481748e-03 3.69890506e-04 1.98645241e-04 1.17838144e-01
  1.35283187e-01 2.57401564e-03 2.25479579e+00 7.54459739e-01
  1.73828766e-01 2.32907727e-01]
 [3.45596636e-04 2.45337433e-05 2.06435187e-04 5.59695205e-03
  5.33606333e-04 3.15247453e-05 1.99178525e-04 5.52132633e-03
  9.76314419e-04 1.73464220e-03 2.33480886e-01 1.15275353e-01
  2.52740551e-02 7.46032819e-02]
 [1.97911868e-04 4.87996658e-05 3.11146432e-04 2.64157075e-04
  5.45646471e-04 7.72151689e-05 6.11251307e-05 3.38421911e-02
  4.97617796e-02 2.32436601e-03 1.79303914e-01 3.10937911e-01
  1.82643570e-02 3.20325606e-02]
 [1.03537401e-03 1.09819603e-05 2.64597649e-04 2.17759097e-03
  1.55068224e-03 2.72179372e-04 2.10270722e-04 1.77227112e-03
  6.14649095e-02 2.18664249e-03 1.51484698e-01 8.61555859e-02
  8.09413195e-02 1.05241835e-01]
 [1.21774594e-03 1.77818525e-04 6.68295717e-04 4.20234073e-03
  5.31746889e-04 6.54957548e-05 3.31066549e-04 2.95072384e-02
  2.43851114e-02 5.73643774e-04 1.26366049e-01 9.48699117e-02
  4.42529619e-02 1.08013913e-01]
 [4.70875576e-03 1.17351330e-04 4.72528720e-03 3.26788076e-03
  2.48655281e-03 8.70462216e-04 1.16605690e-04 5.33099398e-02
  1.58423826e-01 8.15775595e-04 3.71166736e-01 4.86493409e-01
  1.19298697e-01 2.99107552e-01]
 [5.18591085e-04 5.57889507e-05 8.25892203e-04 3.41972057e-03
  2.31291822e-04 6.79005025e-05 3.07246752e-04 2.90955126e-04
  1.43462035e-03 4.79514943e-03 2.39002317e-01 6.54413775e-02
  6.97717220e-02 1.57061160e-01]
 [1.60973679e-04 6.55398908e-05 2.05721124e-03 6.70540659e-03
  2.08479876e-04 5.35081817e-05 4.70139094e-05 8.84579048e-02
  1.68343812e-01 4.86797624e-04 3.30963761e-01 1.80089340e-01
  2.24952381e-02 3.89383622e-02]
 [2.01477949e-03 2.78502084e-05 6.97925512e-04 5.66447992e-03
  1.81088620e-03 3.55950353e-04 1.43633690e-04 2.01474112e-02
  2.50963300e-01 1.24871760e-04 1.02421236e+00 2.85467893e-01
  2.06587821e-01 3.57798547e-01]
 [7.75367441e-03 3.54133008e-05 6.09412184e-03 7.84196518e-03
  2.17883848e-03 1.01695734e-03 6.63126702e-05 3.24825235e-02
  7.02239931e-01 1.06142170e-03 1.16139960e+00 9.88474905e-01
  1.69468805e-01 3.65920931e-01]
 [3.54884687e-04 3.59604164e-05 2.27156590e-04 1.88171293e-03
  1.16750714e-03 5.84357003e-05 6.12841279e-04 3.19693200e-02
  4.59550738e-01 1.96354929e-03 8.75533447e-02 2.06604181e-03
  8.20415560e-03 3.14074033e-03]
 [3.81057936e-04 1.55839607e-05 4.34618501e-04 2.52893791e-02
  4.21544712e-04 8.78566516e-06 2.44611350e-04 1.73414961e-01
  5.22561073e-01 1.32801302e-03 1.19742310e+00 7.90395379e-01
  8.18648413e-02 1.57430112e-01]
 [8.73858202e-03 8.14183077e-05 4.63930424e-03 1.64096989e-02
  4.72064130e-03 1.69576530e-03 1.74697838e-04 8.34251419e-02
  9.83290136e-01 8.92959477e-04 2.75356507e+00 8.76337945e-01
  4.04558033e-01 7.20562041e-01]
 [2.40560606e-04 4.36112205e-05 5.42373164e-04 1.12235686e-03
  1.84627704e-03 7.67089514e-05 5.12124716e-05 1.93635523e-02
  6.34176359e-02 8.33950844e-03 4.29768324e-01 1.43817633e-01
  9.23576578e-02 1.17493391e-01]
 [2.54535378e-04 4.98343252e-05 1.11405004e-03 7.83864409e-03
  6.53703057e-04 1.78215618e-04 7.71280029e-05 1.24899030e-01
  4.13113534e-02 1.33975898e-03 9.50544775e-01 6.54615760e-01
  8.60513672e-02 2.11978480e-01]
 [1.38245567e-04 1.46277554e-04 8.08723125e-05 1.85352308e-03
  1.82589429e-04 2.49140940e-05 7.17977644e-04 1.66198909e-02
  4.66187507e-01 1.03238982e-03 1.92513447e-02 1.78837270e-01
  4.40481445e-03 7.52444845e-03]
 [1.51252025e-04 5.27614975e-05 2.47958145e-04 1.44897989e-04
  1.90784503e-03 2.21902112e-04 5.18946108e-05 7.48862550e-02
  1.26125589e-01 2.62222486e-04 1.19464800e-01 1.86422057e-02
  1.98092102e-03 6.87937299e-03]
 [1.46280148e-03 8.58777785e-05 2.38014618e-03 1.67501234e-02
  2.46287585e-04 1.20973702e-04 5.43070855e-05 2.46210948e-01
  1.07000482e+00 6.44038105e-03 3.37283105e-01 8.81669581e-01
  2.33333595e-02 2.46443357e-02]
 [6.23091497e-03 4.33883497e-06 5.49519295e-03 3.78190400e-03
  1.63936557e-03 4.36646980e-04 5.05579483e-05 1.67723354e-02
  5.32020390e-01 9.55971656e-04 4.66920257e-01 6.91213667e-01
  5.15162572e-02 1.49737597e-01]
 [7.43763638e-04 1.10928951e-04 3.27808404e-04 1.31152654e-02
  1.47767144e-03 7.91474376e-05 1.31051277e-03 1.19668528e-01
  9.85087633e-01 2.62925751e-03 1.19833805e-01 7.75063455e-01
  4.01354395e-02 7.06846118e-02]
 [1.84327888e-03 1.21167563e-04 4.68159007e-04 3.21495533e-02
  2.25413847e-03 1.12946716e-03 3.02727458e-05 2.99016029e-01
  4.57323417e-02 9.21533909e-03 2.20710707e+00 2.93536842e-01
  2.22624660e-01 4.83806610e-01]
 [7.72471214e-03 5.14881049e-06 1.24002469e-03 2.57036705e-02
  4.89764707e-03 8.34624167e-04 2.71387631e-04 7.68174380e-02
  1.17118746e-01 2.35785488e-02 5.04230797e-01 6.72231436e-01
  1.60229072e-01 3.37582141e-01]
 [3.75864073e-03 3.66069689e-05 4.17077506e-04 3.29121575e-02
  1.91957480e-03 6.22188556e-04 2.18014811e-05 1.98133349e-01
  1.30292460e-01 1.55038200e-02 1.21228683e+00 2.24237695e-01
  1.76563725e-01 4.03550059e-01]
 [1.86785473e-03 9.14105294e-06 2.00726697e-03 7.29825161e-03
  3.89053253e-04 1.25331469e-04 1.27224688e-04 1.03526242e-01
  7.92223096e-01 1.54714892e-03 3.27455848e-01 1.04471767e+00
  9.66996420e-03 1.62985884e-02]
 [3.60093638e-03 6.42112936e-05 9.02181782e-04 6.04420155e-03
  6.09308295e-03 1.15473864e-04 2.52029859e-04 2.80539822e-02
  9.73766223e-02 5.46072423e-03 7.05029219e-02 2.88859129e-01
  5.50672673e-02 1.50943950e-01]
 [2.27643759e-04 5.77262799e-05 7.59037444e-04 2.88396521e-04
  5.43122645e-03 3.86807718e-04 3.37241101e-04 8.85900930e-02
  9.14739370e-02 4.65334269e-05 1.04766665e-02 3.41785364e-02
  2.04360969e-02 3.07087582e-02]
 [5.03608491e-03 3.51472030e-04 3.84194753e-03 1.15984837e-02
  3.81155661e-03 1.94532913e-04 2.94835947e-04 9.26923826e-02
  3.07130337e-01 6.48588920e-03 1.42906404e+00 1.93846250e+00
  1.54111516e-02 3.97305526e-02]
 [2.59446260e-03 4.23648198e-05 7.74145301e-04 8.65152280e-04
  1.11550279e-03 1.34198155e-04 1.18531214e-04 2.24146880e-02
  2.96725392e-01 9.32149356e-04 6.22532964e-02 1.92633107e-01
  7.81529117e-03 3.08590429e-03]
 [1.76897724e-04 4.07290863e-05 1.07314205e-03 1.86279379e-02
  1.26572282e-04 2.50795219e-05 5.20999311e-04 1.33035943e-01
  1.04520488e+00 1.26044434e-02 4.16994214e-01 4.85090196e-01
  4.95395586e-02 1.30522296e-01]
 [6.91152876e-03 4.03377890e-05 2.22575828e-03 2.10955683e-02
  5.53567288e-03 7.01125420e-04 1.92178966e-04 7.07484782e-02
  3.71572711e-02 1.06995311e-02 5.63877165e-01 6.20959580e-01
  2.02799127e-01 4.65967625e-01]
 [5.05130229e-05 2.12814004e-04 3.76616226e-05 2.06189323e-03
  1.42200515e-04 1.61599455e-04 1.09754081e-04 2.03190092e-02
  1.18307257e-02 3.54330346e-04 1.27763376e-01 3.35396326e-04
  3.30466405e-03 3.72342439e-03]
 [5.74837090e-04 4.59896073e-05 1.25955953e-03 2.52838526e-02
  1.26716006e-03 9.67719534e-05 1.26097992e-04 2.12974966e-01
  1.09118915e+00 1.53728565e-02 1.33841240e+00 6.43637896e-01
  1.20023035e-01 2.49263108e-01]
 [5.24547591e-04 7.04068443e-05 7.69957143e-04 1.11753279e-02
  9.43694788e-04 3.10985670e-05 7.81450217e-05 6.43840106e-03
  3.79641168e-02 6.42927224e-03 1.56223774e+00 7.41700947e-01
  1.14883564e-01 1.52892277e-01]
 [2.03449465e-03 9.37144432e-06 3.08385643e-04 1.29831221e-03
  2.11893674e-03 1.85657642e-04 4.41698394e-05 5.23220561e-03
  1.12452351e-01 6.14978373e-04 2.24545583e-01 3.43861461e-01
  9.40967798e-02 1.61440343e-01]
 [4.25071083e-03 1.66123515e-04 7.19972522e-05 4.11881171e-02
  3.78773641e-03 1.36197254e-03 4.61451891e-05 2.43446901e-01
  1.73619774e-03 1.49035752e-02 3.17171001e+00 2.70019710e-01
  3.88830930e-01 7.39414036e-01]
 [3.64484894e-03 1.53906556e-04 3.34049016e-03 2.55448632e-02
  8.14779720e-04 1.21085462e-03 1.42063262e-04 1.15364030e-01
  5.21337330e-01 1.49040797e-03 2.34963632e+00 4.21805263e-01
  1.87770322e-01 3.98760170e-01]
 [8.80963402e-04 9.36405413e-05 7.53426924e-04 1.26927453e-05
  1.47135695e-03 9.29373855e-05 1.91732997e-05 4.67300899e-02
  7.76571780e-02 8.82937573e-04 1.92432746e-01 3.27227443e-01
  7.65233592e-04 2.21913103e-02]
 [1.67822553e-04 2.18254747e-04 2.87469211e-05 1.19570782e-03
  2.06275348e-04 2.08371406e-04 3.60451464e-04 1.89417030e-03
  3.66245247e-02 5.49784687e-04 7.90682361e-02 6.91774189e-02
  2.68918741e-02 4.11426760e-02]
 [5.44141571e-04 1.05204665e-04 2.49327422e-04 4.05157842e-02
  1.72678940e-03 3.38441925e-04 1.06516753e-04 2.42846608e-01
  8.07049945e-02 8.07017554e-03 3.25463223e+00 9.75977778e-01
  3.13835561e-01 5.67911267e-01]
 [4.27294429e-03 1.05989267e-04 1.64267106e-03 1.46423457e-02
  1.18505408e-03 8.41574365e-05 4.07450745e-04 1.72270462e-02
  2.16919959e-01 1.37771398e-03 1.82783616e+00 2.90385818e+00
  1.16821468e-01 1.34103179e-01]
 [1.95363769e-03 2.71052322e-05 2.14047334e-03 3.24348267e-03
  7.22888290e-05 2.28822348e-04 3.43076536e-04 1.35297552e-02
  3.78561348e-01 3.57516110e-04 4.35738936e-02 4.02177006e-01
  2.67319265e-03 8.77216575e-04]
 [2.81463657e-03 1.11625404e-05 3.17524857e-04 2.04688553e-02
  7.79191265e-04 3.88024288e-04 6.20629507e-05 2.45791171e-02
  1.01783276e-02 1.39742652e-02 9.28148150e-01 2.69169927e-01
  1.06876694e-01 2.52218038e-01]
 [2.81908689e-03 1.82725998e-05 2.32666396e-04 9.28013492e-03
  2.12300615e-03 5.35654894e-04 5.60070694e-05 1.86421853e-02
  7.08407015e-02 4.66189726e-04 7.64053047e-01 2.33653247e-01
  1.69308305e-01 3.02185863e-01]
 [1.04130340e-04 1.46360326e-04 3.54134187e-04 2.94338167e-03
  6.78017212e-04 5.61338711e-05 5.08707162e-05 5.65655436e-03
  8.61589834e-02 1.86982565e-04 9.28502023e-01 1.19237788e-01
  5.84981851e-02 6.11582883e-02]
 [1.43955098e-04 2.14443222e-04 2.81038810e-04 6.63291756e-03
  2.57125613e-03 1.50862674e-04 3.35171571e-05 1.21775396e-01
  2.53340840e-01 1.76264566e-05 4.41735238e-01 3.13837767e-01
  7.12428913e-02 1.19087242e-01]
 [1.30305032e-03 8.08770274e-05 1.94266438e-04 5.72971813e-03
  3.25763045e-04 1.50115695e-04 3.54472286e-05 1.48349041e-02
  8.71407762e-02 3.09754326e-03 9.38787043e-01 9.62988064e-02
  6.41315654e-02 1.32209718e-01]
 [3.31490883e-03 5.58591673e-05 1.62435672e-03 1.95445982e-03
  2.81661726e-03 7.22849800e-04 2.56998337e-05 2.29716282e-02
  3.78468364e-01 3.50344257e-04 5.34695625e-01 4.12895977e-01
  9.18325856e-02 1.57436326e-01]
 [1.63923309e-04 1.40321848e-04 4.03205049e-04 1.47021962e-02
  8.56484694e-04 1.29975349e-04 3.03981302e-04 1.29760383e-02
  1.10390224e-01 4.53173161e-05 1.99774253e+00 6.87995434e-01
  1.91652045e-01 2.73525506e-01]
 [3.26738736e-05 1.44994592e-05 8.07960110e-04 2.24294048e-02
  1.09619915e-03 9.61110345e-06 5.82117529e-04 3.96324731e-02
  6.56437397e-01 1.07334023e-02 3.26832116e-01 1.26045361e-01
  2.96273772e-02 5.89735731e-02]
 [2.99455220e-04 2.58564669e-05 4.36504815e-05 4.94447479e-04
  6.19400234e-04 3.09573166e-04 7.22485202e-05 6.02549277e-02
  4.40354459e-03 5.57345164e-04 1.32648110e-01 2.94472817e-02
  2.60048788e-02 4.31302078e-02]
 [6.45302207e-05 9.94215316e-06 6.23825908e-05 5.67323808e-03
  4.94334381e-04 1.00055382e-04 1.82702061e-04 1.00964911e-01
  1.87245589e-02 6.94595510e-05 5.48937261e-01 2.50105590e-01
  5.89048713e-02 1.19124785e-01]
 [8.34996160e-03 7.67156816e-05 3.34136002e-03 1.36786187e-02
  3.06401262e-03 1.57172501e-03 2.52192724e-04 5.62995337e-02
  8.08586717e-01 1.76114822e-03 1.16831827e+00 1.38270199e+00
  1.41599610e-01 3.26622844e-01]
 [4.09522420e-03 1.80157702e-04 5.53195423e-04 7.13083288e-03
  7.06068065e-04 8.00785783e-04 2.92916957e-04 1.66405421e-02
  2.01158926e-01 4.63501690e-03 2.55687654e-01 9.47962821e-01
  2.63570286e-02 6.30606413e-02]
 [6.48042187e-05 6.77109128e-05 2.31124330e-04 6.23599393e-04
  6.77655451e-04 3.05533140e-05 1.01062011e-04 3.17378789e-02
  2.67654717e-01 4.90919978e-04 4.30040389e-01 3.06611303e-02
  4.45389934e-02 4.28580157e-02]
 [3.43534234e-03 6.34663884e-05 1.67226675e-03 7.46512786e-04
  1.79571961e-03 2.38103356e-04 1.25008504e-04 2.61520315e-02
  3.33927095e-01 2.81813019e-03 1.59776598e-01 1.74117637e+00
  3.99586279e-03 6.74292445e-03]
 [4.37265146e-04 4.91578066e-06 1.14328123e-03 3.91610665e-04
  5.77241444e-05 8.12858925e-05 6.05314490e-05 1.43615538e-02
  9.13970321e-02 2.32816651e-03 1.65514201e-02 2.50629541e-02
  4.04852629e-03 7.35958153e-03]
 [4.71287314e-03 1.02536076e-04 1.64260948e-03 9.29002743e-03
  2.94455374e-03 2.37558736e-04 1.99788279e-04 6.81709796e-02
  2.70604286e-02 3.48209613e-03 1.89862415e-01 3.60835940e-01
  6.64456561e-02 2.08904177e-01]
 [6.32230239e-03 1.00972953e-04 2.69621005e-03 5.76356007e-03
  5.57326805e-03 4.24686150e-04 2.24035015e-04 2.21283026e-02
  1.04301058e-01 1.11777112e-02 1.73566695e-02 9.13864017e-01
  4.07449417e-02 1.63178220e-01]
 [1.84220227e-03 1.83294287e-05 1.31166447e-03 4.27057408e-03
  5.67248033e-04 2.75775325e-04 8.49018325e-05 7.91255198e-03
  4.89427537e-01 3.34750453e-04 8.13532889e-01 3.02311987e-01
  1.11140803e-01 2.06721753e-01]
 [2.07625772e-03 7.32956396e-05 1.56970392e-03 4.56287991e-03
  7.79183683e-05 5.81984168e-05 2.03151605e-04 1.85754627e-01
  1.66284263e+00 3.01106181e-03 1.75895423e-01 8.35869849e-01
  4.97197639e-03 4.59596136e-04]
 [4.24466701e-03 1.02426393e-05 1.46008912e-03 6.84719416e-05
  3.48484749e-03 3.09110008e-04 6.34630705e-05 3.81333455e-02
  3.01359683e-01 4.74594068e-04 1.64223105e-01 1.42391253e+00
  3.51168215e-03 1.79037824e-02]]policy_nn/policy_action/bias/Adam:0<---------->[-0.32470348  0.03167534  0.2563346  -0.7569673   0.00985597 -0.25428277
  0.04321945  1.7129384  -1.9994166  -0.09033935 -9.230045    4.131362
 -2.873613   -3.4543056 ]policy_nn/policy_action/bias/Adam_1:0<---------->[2.29928400e-02 1.30576576e-04 1.11763543e-02 2.65851412e-02
 7.76950875e-03 3.57976998e-03 2.62513728e-04 1.19888306e-01
 1.66696548e+00 4.93163150e-03 4.01263285e+00 2.52261400e+00
 5.80061555e-01 1.21224940e+00]logstd/Adam:0<---------->[-0.17147587 -0.01927466 -0.34011242 -2.1268861  -0.9869949   0.21930899
  0.2531264   3.3775272   0.74021935  5.097308   -8.23432     1.2215275
  2.8835068   1.9948031 ]logstd/Adam_1:0<---------->[2.3395211e-02 7.4526347e-04 7.1165577e-02 5.5805188e-01 1.5150391e-01
 5.0737644e-03 5.5454276e-03 1.8116522e+00 4.9454417e-02 3.8800979e+00
 3.4490893e+00 4.3266127e-01 1.8896364e+00 8.9787692e-01]